GEOLOB: 103925485103925485+038.0827540875+048.1943265444
GEOPSB: GEODEGWorld Geodetic System 1984                                                      WGE World Geodetic System 1984                                                      WE Geodetic                                                                        GEOD                                                                                    000000000000000                                                                                   0000
ICHIPB: 000000.98544000000000000.50000000000.50000000000.50000002295.50000016383.50000000000.50000016383.50000002295.50000016384.50000065536.50000016384.50000067831.50000032767.50000065536.50000032767.50000067831.5000013464100068230
J2KLRA: 0050000301900000.03125000100.06250000200.12500000300.25000000400.50000000500.60000000600.70000000700.80000000800.90000000901.00000001001.10000001101.20000001201.30000001301.50000001401.70000001502.00000001602.30000001703.50000001803.900000
PIAIMC: 000YPUSHBROOM   WV03_VNIR         DigitalGlobe Acquired Imagery                                                                                                                                                                                                                                  00                                          1N  00015.2WGEWE 2G  00000000
STDIDC: 20230925084831WV03_VNIR     99000AA00000 00100001AA06600131UP    4815N03758E             
USE00A: 270015.2 00255                                                       0099999001134641            +40.9169.6
